avg of max

base
0.7360196926097247
0.7508173878549915
0.7611613866179001
0.7472281424806368
0.7479957777538726
0.7527958933950086
0.7401402484939759
0.7423320514199656
0.7473893341222031
0.7399889737521514
0.7447586663618762
0.7490886537220309
0.7678215092512908
0.7689575825623922
0.7721783898988812
0.7644645546471599
0.7787674134036144
0.76662156438253
0.7716934703098106
0.7675947652216006
0.7685116582401033
0.7646185187177281
0.7739402363919965
0.7737929956432874
0.7709270116179002
0.760617806045611
0.7751336260219449
0.7576605529259897
0.7588978122310672
0.767154387639845
0.7689801056906197
0.7701262639845095
0.766781915608864
0.7808479453528399
0.7728443349290017
0.7764107210090361
0.7700630647590361
0.7729909033455249
0.7760189194277108
0.7722456231174697
0.7809314826269363
0.7775064543889845
0.7687103324010327
0.7762401167168675
0.7808538282594665
0.7816559205572289
0.7832614498171256
0.7853174416415662
0.7864793997418242
0.7894506037543029

mms

0.7373983097568847
0.7608870750860584
0.77090986714716
0.7708389361015491
0.7774316574333047
0.784470135004303
0.7900320030120482
0.7869333920503443
0.7897588680615317
0.7906191170933734
0.7911334512155765
0.795386288457401
0.7998752823795179
0.8020758256239242
0.7990106631884683
0.8041188750537867
0.8024662825408779
0.8039899553571429
0.8077817408024955
0.8127490990748709
0.8102725634681585
0.8068804795073149
0.8053144497633392
0.8074107815189328
0.8138833234724613
0.8099599290017212
0.8103250053786575
0.8156098725258177
0.8123835184487952
0.8139732479023236
0.8127220377043889
0.8157411453851118
0.8102735719664373
0.8137145680938038
0.8178457132099828
0.8134977409638555
0.8175455168889846
0.8191913860800344
0.8184405591114456
0.8183218924806367
0.8199738126613598
0.818581076538296
0.8227165918136834
0.8203345188790878
0.825235988597246
0.8220990547009468
0.8211273666092943
0.8242745535714284
0.8230270412005163
0.8222847864672979

da

0.722448499354561
0.7497942663511187
0.7625880755163511
0.7580742053033562
0.762177112467728
0.7698129571858864
0.7696003321320999
0.7683378603700517
0.7749257072934597
0.7735124650387265
0.7785936155335628
0.7784492321966437
0.7814076618975904
0.7821381508175558
0.781874764683735
0.780395297708692
0.7792200610477623
0.7796303517641997
0.7772186962134251
0.7789721385542169
0.7831604319061962
0.7778385864888124
0.7752867496772806
0.7764002998601549
0.780749616770654
0.7775103202990533
0.7820966343050774
0.7793019174913942
0.7808186989027538
0.7826590401785714
0.779986855905766
0.7836655214608433
0.7815654918782271
0.7766931005271085
0.7680860719664371
0.7720772039049053
0.7751322813575732
0.7811035996665233
0.7727626465684165
0.7761730515813253
0.7754197033670396
0.7701407191265061
0.7748616676527538
0.7820541092943201
0.7822801809918245
0.7821642036897591
0.7778212739350259
0.7782739215791737
0.781774587188038
0.7850424577775388
_______________________________________________________________________________________________________________________

avg of avg
base
0.3343495291153454
0.4414682789472623
0.45880352814718695
0.45197430346385553
0.508339766011591
0.5262648018132798
0.45539088342768397
0.5006546876680831
0.4892664540696267
0.473478924066803
0.47170058862682884
0.5117218217176742
0.5047297203602356
0.5405170591685939
0.515984691416335
0.5172046549759305
0.5056647768529474
0.508949520879276
0.5293660621840038
0.5046068537543029
0.5023073936370482
0.49118180240493226
0.5165802432665931
0.5163775960426527
0.5372650850332132
0.4889050250947988
0.502821355875511
0.47285131247646833
0.4977610791940081
0.5051598322699279
0.49576905977705465
0.5023492421135434
0.5044720280396138
0.5257130313945514
0.5163414140658616
0.47501008918486454
0.48968369502003545
0.5071380625739567
0.5076744807074279
0.5279908319102303
0.5293871082824603
0.4921998225883444
0.49591740777283244
0.5073581211004734
0.5076477639071912
0.5107244001116072
0.5078328254423947
0.5411469608904367
0.49641463524298074
0.5252845582945622

mms

0.5596752131293029
0.5959011604453528
0.6474747707347246
0.6289557756696429
0.6798666933358435
0.6544995075166739
0.659009856389845
0.6614669195756239
0.6768878751613597
0.6613337389737521
0.685624714258821
0.6475526688226119
0.6901181203609079
0.6817721583880163
0.6660511913726334
0.6697250245401248
0.6564933842512908
0.671040997135865
0.6920705478162651
0.682090700973537
0.6730123759547116
0.6761995582777539
0.6847721886429647
0.6713537408562823
0.696360094395439
0.6685139945944492
0.665851038080895
0.7041019070702452
0.674491515167814
0.6766594503012049
0.6715787704388986
0.6776009506777108
0.6754696660526033
0.6964949810402322
0.6715662482519363
0.6785279622956109
0.687567216410284
0.705443764455142
0.6713209646622202
0.6942361634036145
0.7130752810348537
0.7025143626963211
0.6641236990372203
0.6955893579899957
0.6967047234697719
0.6628415279421256
0.6907928477302065
0.6761961209794535
0.6872871228216436
0.6869597054512694

da

0.5518948337994837
0.5982148992174053
0.6354625897563467
0.6296028785902539
0.6604605811639415
0.6511187019282486
0.6224105798192772
0.6328341911171472
0.6490969150037651
0.6495039953340147
0.6495448983433735
0.6485663188468159
0.6558617533751075
0.6546847266297332
0.6397598597515062
0.6190247065270009
0.630838725997741
0.6226902447961489
0.6366140594745053
0.636517285660499
0.6370239047708691
0.631703294763877
0.6506921575812177
0.6341157487091221
0.6383993367442985
0.6418485269201807
0.6261460826565189
0.6152359213640276
0.6363754823983434
0.639700097824333
0.653437735316265
0.6417988919965577
0.6485331728700516
0.6253282073606928
0.6266995885327022
0.6369017588209982
0.6313829704980637
0.6133567865210844
0.6294271897859295
0.667460441655013
0.625488121571106
0.6443263063414373
0.6425389028211059
0.6590075116313467
0.6094304253845739
0.638668420893395
0.6140909984805293
0.6346664139818201
0.6427460063468159
0.6355503795315189

_______________________________________________________________________________________________________________________

max of max
base
0.8038739780550774
0.8031932417168675
0.8244221304862307
0.8282645089285714
0.7908408186316696
0.8179761456540448
0.8292948580034424
0.8207142184810671
0.8102913887693631
0.798478512263339

mms

0.8205226038080895
0.8427566291953529
0.8278174080249571
0.8235615452882961
0.8010249704173839
0.842524674591222
0.8241313468158348
0.8523138312177281
0.869513769363167
0.8505119809595525

da

0.7956194196428571
0.7972178894148021
0.8159238516566265
0.8166919911790017
0.7810634278184165
0.8018099182444062
0.8163373359509467
0.8210033213209983
0.8047631373709122
0.8222488166953529
_______________________________________________________________________________________________________________________

max of avg


base
0.6658727334001184
0.6588330372270331
0.6319910991622741
0.6555482322706002
0.6124046338815082
0.6164887577654368
0.5937072648854345
0.6491943569478809
0.6062364062836165
0.5898429305951486

mms
0.7575203716652325
0.7791851838156194
0.7459096150225905
0.7751281633229345
0.743358702667814
0.763505472783993
0.7575228088694062
0.7830119305346385
0.7510606040232358
0.7946980724236231

da

0.7377849007637695
0.7214188226118762
0.7314743908670394
0.7223982425236659
0.6855099807712993
0.6949622989726765
0.7406953427549483
0.7439983427011618
0.7385050525763769
0.7457417000591652